# Created by Octave 4.0.3, Sat Apr 07 11:13:13 2018 CST <easonzhan@EASONZHAN-MB3>
# name: v
# type: matrix
# rows: 10
# columns: 1
 399900
 329900
 369000
 232000
 539900
 299900
 314900
 198999
 212000
 242500


